0	5	84
1	54	5
2	41	4	0
3	41	4	1
4	41	4	1
5	41	4	1
6	41	4	1
7	30	0	0
8	27	1
9	27	2
10	42	2	8	2
11	48	
12	30	0	3
13	27	0
14	48	
15	26	0	3
16	26	0	0
17	3	
18	31	
19	47	39
20	30	0	1
21	30	0	0
22	26	0	3
23	21	4
24	20	0	4
25	48	
26	30	0	4
27	27	0
28	48	
29	26	0	4
30	26	0	0
31	3	
32	31	
33	47	19
34	30	0	2
35	30	0	0
36	26	0	4
37	21	4
38	20	0	4
39	48	
40	26	0	2
41	27	2
42	35	
43	55	i
44	29	" "
45	55	s
46	30	0	4
47	26	0	4
48	27	1
49	0	
50	48	
51	46	-22
52	30	0	3
53	26	0	3
54	27	1
55	0	
56	48	
57	46	-42
58	30	0	3
59	27	0
60	48	
61	26	0	3
62	26	0	0
63	3	
64	31	
65	47	19
66	30	0	2
67	30	0	0
68	26	0	3
69	21	4
70	20	0	4
71	48	
72	27	3
73	27	2
74	35	
75	55	i
76	29	" "
77	55	s
78	30	0	3
79	26	0	3
80	27	1
81	0	
82	48	
83	46	-22
84	18	
